1
1
43
6
272
45
3
1
1
1
546
165
42
1
631
6
4
2
586
1594
29
2693
3
8
4
578
261
959
2755
463
836
696
833
39
2889
4
1274
836
700
1
86
830
15
1
2291
2106
2
518
18
1061
299
38
1114
1473
1796
925
854
1807
1
9
1
14
2
787
1582
2
1891
2455
820
793
1853
195
88
1842
40
7
159
482
33
89
699
1456
643
1395
3576
78
34
72
4
1003
498
566
2471
869
18
813
472
65
2037
3
498
195
3
1860
2357
33
2055
923
145
1294
160
198
460
793
238
1

78
96
124
1445
713
1594
48
393
2294
1564
1196
206
2013
1526
606
963
89
263
1237
602
73
1212
1258
366
1848
1049
470
3217
2
749
1616
788
878
2036
269
2032
164
173
1505
874
28
957
1473
751
1540
2
844
1593
800
797
1350
64
992
13
9
2352
5
886
238
77
1
685
649
474
15
1153
834
2264
155
447
36
1297
1473
896
835
239
1059
34
658
26
1276
2032
606
64
353
714
424
205
186
128
711
2026
452
11
1514
2291
26
1105
1196
1183
1334
210
1236
98
1105
2157
1630
1535
300
363
633
1892
75
122
1446
1531
2401
1410
997
286
114
2408
2091
0
1141
1217
1608
1689
14
153
1176
713
272
622
2306
1046
1090
3431
2276
1748
1226
85
819
175
2363
1520
1394
1473
1280
103
1618
232
90
1
42
828
283
935
276
1016
1858
1639
627
1255
105
1477
1804
169
1531
166
803
1473
1
1084
899
194
1976
639
1493
82
1618
1068
1419
2092
1646
844
434
1611
171
209
49
180
1780
2448
480
650
208
784
2378
765
484
1203
1307
3135
777
2528
636
563
1013
1
1998
40
89
1440
4
229
392
1493
1026
294
110
810
435
1111
175
304
45
2428
1805
1
1084
750
1377
264
368
1473
208
12
864
2309
1212
187
1414
988
1939
437
157
1311
1740
2206
1493
940
464
1
1209
280
230
343
675
1794
249
702
2330
1443
1170
