2358
1783
3684
3920
2382
2626
2044
1557
2048
1723
1991
2524
2687
889
2979
1564
2640
1589
1294
855
2548
767
2538
877
1187
636
1683
2781
865
430
1824
746
1279
2168
812
610
1276
1824
568
1146
930
1516
684
1740
504
210
462
2164
1329
925
1588
851
266
462
984
426
599
294
372
1298
362
539
434
795
1075
510
703
1326
1180
2038
813
1357
2525
1768
494
636
1886
1564
682
560
248
812
1326
520
264
1717
2351
579
1444
568
869
1642
1150
169
125
1836
2064
1168
6
985
1329
2495
489
825
128
430
513
1620
1569
831
1334
2345
438
2038
1725
455

1469
1448
1401
292
1297
1063
2528
140
93
946
320
743
0
1026
1358
964
553
1808
1444
1209
1103
281
1033
1217
676
746
972
404
821
1895
923
881
1782
0
1515
4
1734
644
166
1592
2180
9
163
806
14
435
469
615
1245
1082
1275
1895
1733
88
982
250
1379
1668
1725
148
1699
366
557
1375
1424
716
672
351
1668
1325
956
1255
492
446
812
958
887
466
339
784
511
4
249
195
359
1288
441
2316
1469
1402
190
531
2173
1551
38
366
2147
1533
97
19
167
789
725
684
156
50
298
1118
663
113
907
739
1482
1293
1205
499
265
458
187
931
1086
274
547
2661
1419
193
592
138
1476
2401
181
1727
805
964
126
1
1359
171
3
62
1149
388
1849
526
206
233
176
29
291
2547
949
2399
660
96
927
1199
411
325
424
1536
134
198
718
10
2467
1077
31
1404
104
646
694
66
870
70
739
561
704
104
300
907
590
530
6
206
4
664
980
130
3
2435
1154
1266
115
77
1565
0
456
260
99
1679
680
596
163
154
530
5
429
1326
17
3780
63
83
513
622
1865
1284
71
177
483
2373
990
502
818
729
131
679
700
76
93
2534
6
640
261
841
589
66
1455
251
61
383
1034
1795
487
485
268
530
2133
1351
0
185
0
322
1190
2794
188
23
2221
186
1557
510
2411
427
16
23
411
