3
1
2
1
1
4
13
4
1
1
25
1
126
1
187
5
349
3
32
9
77
35
1
295
57
29
867
4
632
15
19
377
8
894
400
213
721
7
901
117
50
119
536
761
1
151
740
60
17
42
194
147
789
490
745
1
8
1443
50
41
6
929
7
390
390
28
112
259
651
173
58
1370
463
197
117
518
145
99
392
518
140
162
4
448
1113
12
7
125
365
13
361
483
44
97
787
28
1165
4
1
117
203
474
67
194
4
249
76
5
110
458
374
70
14
189
1
493
41
799
600
650
828
82
29
340
1239
33
1035
179
918
454
208
39
26
192
333
623
286
334
208
309
385
1239
194
471
294
41
6
810
375
1246
1051
1106
13
1004
1
237
