1644
1554
1623
1317
691
925
1542
428
1336
297
1029
559
746
559
562
674
1162
564
274
643
694
872
297
704
164
1342
236
540
339
587
1349
493
160
217
895
499
349
673
371
74
584
264
135
332
132
1178
82
934
501
514
344
532
450
615
693
29
1120
66
169
1320
163
282
246
260
726
541
109
356
66
1198
833
15
279
59
163
516
520
53
388
216
1175
247
1317
370
260
587
135
711
270
293
575
506
527
54
41
989
103
703
327
825
516
20
557
217
1248
884
554
182
59
823
239
827
509
177
222
15
327
39
727
275
334
689
1342
57
18
191
188
297
76
112
22
9
3
19
786
70
594
381
12
97
299
22
754
355
65
167
532
65
534
7
317
169
57
87
158
363
